******************SPAD************************
intrinsics:  825.59 826.234  244.61 242.557

T_c_mark:
 -0.315817 -0.0312487  -0.948305  -0.148274
   0.32418  -0.942865 -0.0768933  -0.131504
 -0.891721  -0.331706   0.307903  -0.170975
         0          0          0          1

// t_mark = t_c + td
td = -0.015


******************FLIR************************
intrinsics: 1241.05 1241.37 353.578 282.369

T_c_mark:
 -0.306632  -0.021832  -0.951578 -0.0330582
  0.335431  -0.938079 -0.0865654  -0.125525
 -0.890765  -0.345732   0.294968   -0.15163
         0          0          0          1

// t_mark = t_c + td
td = -0.340